0
0.000349623
0.00035785
0.000359711
0.000361146
0.000361977
0.000363014
0.000362091
0.000363576
0.000363338
0.000363227
0.000363962
0.000364268
0.00036436
0.000363967
0.000365115
0.000364915
0.000364944
0.000365263
0.000365386
0.000365295
0.000365591
0.00036618
0.000365873
0.000365676
0.000366053
0.000366818
0.000366019
0.000366118
0.000366255
0.000366569
0.000366466
0.000366296
0.000366638
0.000366711
0.000366958
0.000367113
0.000367131
0.000366475
0.000366699
0.000367743
0.000367147
0.000366691
0.000367169
0.00036725
0.000367471
0.000368074
0.000367578
0.00036743
0.000367699
0.000368456
0.000368226
0.000367655
0.000367568
0.000368207
0.000367732
0.000367647
0.000368035
0.000368201
0.000368513
0.000368749
0.00036812
0.000368013
0.000367781
0.000368177
0.000368458
0.000368205
0.000368768
0.00036822
0.000368378
0.00036837
0.00036862
0.000368067
0.000369485
0.000368512
0.000368694
0.000368874
0.000368547
0.000367998
0.000368738
0.000368851
0.000368408
0.000368995
0.000368774
0.000368886
0.000369302
0.000368848
0.000368389
0.000368442
0.000368437
0.000369237
0.000368879
0.000368741
0.000368973
0.000368853
0.000369292
0.000368769
0.000369518
0.000369507
0.000368982
